#Res          rmsfCh1      rmsfCh2      rmsfCh3    rmsfCh1MC    rmsfCh2MC    rmsfCh3MC    rmsfCh1SC    rmsfCh2SC    rmsfCh3SC
   1.000       4.9535       3.9318       3.9491       4.7819       3.9417       3.9677       5.0706       3.9250       3.9364
   2.000       4.3749       3.6812       3.1841       4.1193       3.6130       3.2935       4.5596       3.7306       3.1051
   3.000       3.5176       3.1556       2.9959       3.5630       3.2450       2.8690       3.4747       3.0709       3.1161
   4.000       3.6034       3.3100       2.5998       3.3938       2.8812       2.4315       3.7163       3.5410       2.6905
   5.000       3.2954       2.6605       1.9183       3.3018       2.6655       1.9190       3.1206       2.5220       1.8994
   6.000       3.5229       2.4561       1.8497       3.2719       2.3419       1.6550       3.7606       2.5642       2.0341
   7.000       3.2924       2.2296       1.0431       3.3708       2.2841       1.3247       3.2502       2.2002       0.8914
   8.000       3.3674       2.0730       1.0820       3.3575       2.0681       1.0772       3.6393       2.2047       1.2141
   9.000       3.5489       2.1396       1.0806       3.5886       2.1276       1.1026       3.4127       2.1808       1.0052
  10.000       3.7266       2.1142       1.4120       3.6303       2.1013       1.3048       3.8416       2.1296       1.5401
  11.000       3.9306       2.3655       1.6172       3.9129       2.2815       1.6430       3.9518       2.4659       1.5865
  12.000       3.9410       2.3457       2.0277       3.9985       2.4217       1.9808       3.8693       2.2508       2.0862
  13.000       4.6055       3.0974       2.7120       4.3116       2.7682       2.3938       4.8269       3.3454       2.9516
  14.000       4.5147       3.2686       3.1591       4.1231       2.5472       2.5226       4.7257       3.6573       3.5020
  15.000       3.7931       2.3167       2.6678       3.9373       2.3916       2.7012       3.6587       2.2469       2.6367
  16.000       4.1541       2.3683       2.8276       3.9501       2.2322       2.7084       4.3979       2.5309       2.9701
  17.000       4.0038       2.4601       3.2744       3.9722       2.1528       2.8296       4.0277       2.6915       3.6094
  18.000       4.6781       2.8625       3.3585       4.2811       2.4505       2.8728       4.9771       3.1729       3.7243
  19.000       4.3280       2.5152       2.6186       4.1458       2.2580       2.4527       4.4653       2.7090       2.7435
  20.000       3.6808       1.8745       2.2788       3.7876       1.8907       2.2517       3.5797       1.8592       2.3044
  21.000       3.9166       1.8133       2.7028       3.8779       1.8353       2.4315       3.9532       1.7925       2.9597
  22.000       4.6639       2.5438       2.8062       4.1798       2.1102       2.3918       5.0284       2.8703       3.1181
  23.000       4.2689       2.3463       2.1950       4.0416       2.0590       2.0358       4.4376       2.5596       2.3131
  24.000       3.6480       1.7127       2.0139       3.7712       1.8047       2.0193       3.5009       1.6028       2.0074
  25.000       4.2537       2.2243       2.7158       4.0319       1.9787       2.2971       4.4183       2.4066       3.0265
  26.000       4.6403       2.7030       2.5613       4.2603       2.2274       2.1682       4.9264       3.0612       2.8574
  27.000       3.8839       2.0796       1.7733       4.0094       2.1111       1.9138       3.7650       2.0498       1.6404
  28.000       3.8070       2.0257       2.4032       3.9697       2.0868       2.1740       3.6529       1.9677       2.6201
  29.000       4.6038       2.7075       2.7911       4.3684       2.4007       2.4245       4.7812       2.9385       3.0673
  30.000       4.6960       2.7688       2.2733       4.4312       2.5439       2.2066       4.8925       2.9358       2.3229
  31.000       4.0265       2.3811       2.0814       4.2039       2.4895       2.2021       3.8584       2.2785       1.9671
  32.000       4.3332       2.5771       2.7144       4.4132       2.6662       2.6277       4.2574       2.4928       2.7965
  33.000       5.0678       3.2662       3.0001       4.7938       2.9746       2.7274       5.2742       3.4859       3.2054
  34.000       4.8659       3.1331       2.4960       4.7414       3.0418       2.5289       4.9598       3.2019       2.4712
  35.000       4.4130       2.9191       2.4941       4.5781       3.0096       2.6965       4.2592       2.8348       2.3056
  36.000       5.0522       3.5172       3.5758       4.7471       3.0858       3.0483       5.2542       3.8029       3.9250
  37.000       4.3042       2.7148       2.9058       4.4383       2.7880       3.0285       4.1440       2.6274       2.7593
  38.000       4.5732       3.3880       3.7472       4.2698       2.7039       3.2933       4.7984       3.8958       4.0841
  39.000       4.0498       2.4538       3.4247       3.9834       2.4292       3.3740       4.1330       2.4846       3.4883
  40.000       4.4784       3.1214       3.9495       4.0715       2.6964       3.6155       4.7849       3.4415       4.2010
  41.000       4.1669       2.9229       3.4265       3.8916       2.6940       3.2784       4.4235       3.1363       3.5646
  42.000       3.4651       2.2575       2.9363       3.4612       2.3371       3.0302       3.4699       2.1582       2.8191
  43.000       3.0436       2.3379       2.8593       3.0325       2.2002       2.8275       3.0574       2.5097       2.8991
  44.000       2.7121       2.0110       2.5296       2.7924       1.8552       2.4211       2.6516       2.1283       2.6112
  45.000       2.9042       1.5001       2.2584       2.6227       1.3990       2.1743       3.1076       1.5732       2.3192
  46.000       2.3912       1.4690       1.8505       2.5108       1.3147       1.7516       2.2779       1.6152       1.9441
  47.000       2.6827       1.2194       1.8126       2.4184       1.1058       1.6467       2.9330       1.3269       1.9698
  48.000       2.5082       1.5553       1.5340       2.5781       1.4910       1.5366       2.3883       1.6657       1.5296
  49.000       2.6405       1.6443       1.6879       2.5944       1.6391       1.6246       2.7987       1.6621       1.9054
  50.000       2.9280       2.0465       1.7108       2.8292       1.9283       1.7563       3.0459       2.1876       1.6564
  51.000       2.8472       2.2051       2.1159       2.9070       2.1681       2.1884       2.7722       2.2514       2.0250
  52.000       3.3820       2.4564       2.3204       3.2720       2.3266       2.3658       3.4845       2.5773       2.2781
  53.000       3.2572       1.9934       2.2284       3.1436       1.9823       2.2853       3.3649       2.0040       2.1745
  54.000       3.2054       2.1115       2.6197       3.2325       1.9307       2.6269       3.1874       2.2311       2.6150
  55.000       3.4758       1.9432       2.8476       3.4231       1.8942       2.8385       3.6564       2.1115       2.8787
  56.000       3.2909       1.5315       2.6875       3.1835       1.4720       2.6039       3.4250       1.6059       2.7919
  57.000       2.7954       1.0123       2.6335       3.0109       1.1071       2.5295       2.6666       0.9557       2.6957
  58.000       3.0620       1.1911       2.1911       3.1050       1.1319       2.2686       3.0080       1.2653       2.0938
  59.000       3.0174       0.9649       2.5304       3.0615       0.9692       2.5288       2.8661       0.9502       2.5358
  60.000       3.6224       1.6692       3.1964       3.4144       1.2289       2.8664       3.7767       1.9960       3.4414
  61.000       3.6352       1.4933       2.6853       3.6309       1.4695       2.7240       3.6501       1.5750       2.5525
  62.000       3.4695       1.4686       2.8215       3.5789       1.4940       2.9046       3.3328       1.4370       2.7177
  63.000       3.8611       1.8095       3.4333       3.7623       1.6511       3.3914       3.9143       1.8947       3.4559
  64.000       4.2409       2.1802       3.5040       4.1205       2.0159       3.3914       4.3315       2.3039       3.5887
  65.000       4.2102       2.1803       3.2938       4.1834       2.1306       3.3913       4.2355       2.2273       3.2014
  66.000       4.6222       2.7302       3.7771       4.4570       2.5296       3.6652       4.9059       3.0749       3.9693
  67.000       4.1671       2.4421       3.7554       4.1611       2.4350       3.7502       4.3290       2.6385       3.8981
  68.000       3.8515       2.0550       3.1560       3.7339       1.9469       3.4290       3.9008       2.1003       3.0414
  69.000       3.9825       2.4119       3.9959       3.5697       1.8429       3.6976       4.2934       2.8403       4.2206
  70.000       3.8287       2.1405       4.1231       3.4497       1.8270       3.6728       4.0217       2.3000       4.3523
  71.000       3.2530       1.6794       3.1680       3.1752       1.5736       3.2182       3.3501       1.8114       3.1053
  72.000       2.7731       1.4817       2.9583       2.7531       1.3668       2.8481       2.7982       1.6259       3.0965
  73.000       2.7078       1.1367       2.6911       2.4760       0.9140       2.6173       2.9971       1.4147       2.7833
  74.000       2.1857       1.0196       2.3269       2.2710       0.8452       2.2035       2.0838       1.2279       2.4744
  75.000       2.3593       1.0609       2.1298       2.2205       1.0919       2.0583       2.5180       1.0253       2.2117
  76.000       2.0586       1.4681       1.6651       2.0824       1.1863       1.6451       2.0415       1.6717       1.6796
  77.000       2.2285       1.8131       2.0034       2.0010       1.6453       1.4947       2.3999       1.9394       2.3864
  78.000       2.3944       1.9919       1.3084       2.2452       1.9338       1.4196       2.5068       2.0357       1.2247
  79.000       2.2504       2.5184       1.6228       2.2681       2.2764       1.3728       2.2375       2.6932       1.8035
  80.000       2.7184       2.6697       2.1656       2.5200       2.6265       1.7225       2.9033       2.7100       2.5786
  81.000       2.8339       2.8695       1.6058       2.8899       2.8441       1.6818       2.7641       2.9012       1.5110
  82.000       3.4329       3.4798       2.3478       3.3677       3.2519       2.1453       3.5109       3.7521       2.5897
  83.000       3.6460       3.2013       2.1516       3.6398       3.1957       2.1450       3.8167       3.3540       2.3309
  84.000       3.4156       2.8764       1.6943       3.4200       2.8771       1.6961       3.2977       2.8549       1.6456
  85.000       3.6424       2.7071       1.6366       3.4279       2.6269       1.5038       3.8456       2.7831       1.7624
  86.000       3.8817       3.0213       2.2664       3.5865       2.5730       1.7580       4.1008       3.3541       2.6438
  87.000       3.7819       2.5537       2.1703       3.5195       2.2797       1.7770       3.9766       2.7571       2.4624
  88.000       3.2742       2.0793       1.3535       3.2218       2.0086       1.4652       3.3342       2.1601       1.2257
  89.000       3.2468       1.7917       1.5125       3.1821       1.8039       1.3010       3.3080       1.7801       1.7128
  90.000       2.9172       1.9441       1.1114       2.9169       1.6830       1.2353       2.9174       2.0848       1.0447
  91.000       3.1228       1.8067       1.5587       2.9764       1.7141       1.2745       3.3056       1.9222       1.9136
  92.000       2.8198       2.0017       1.6047       2.7738       1.7308       1.6088       2.8530       2.1976       1.6016
  93.000       3.3255       2.1561       2.2189       3.0404       2.1131       1.9525       3.5315       2.1872       2.4114
  94.000       3.0242       2.3437       2.4302       3.1190       2.2706       2.3541       2.9109       2.4312       2.5212
  95.000       3.6537       2.6903       2.7827       3.5356       2.7189       2.6970       3.8011       2.6545       2.8896
  96.000       4.1592       3.2870       3.4655       3.9924       3.0851       3.1044       4.2847       3.4390       3.7373
  97.000       4.3500       3.4267       3.0975       4.3530       3.4710       3.2085       4.3464       3.3739       2.9648
  98.000       5.1521       4.0887       3.8644       4.7622       3.8813       3.4367       5.5155       4.2819       4.2631
  99.000       4.6677       3.6893       3.0179       4.5838       3.7057       3.0270       4.7723       3.6689       3.0066
 100.000       4.6471       3.9000       2.9239       4.5064       3.7507       2.7819       4.8235       4.0872       3.1019
 101.000       3.8932       3.6083       2.3366       4.1476       3.5329       2.3770       3.7016       3.6651       2.3062
 102.000       4.6493       3.9702       2.6103       4.4880       3.7252       2.3948       4.7997       4.1985       2.8111
 103.000       4.9879       3.9496       2.9122       4.6678       3.5848       2.4835       5.2290       4.2242       3.2349
 104.000       4.2189       3.2001       2.2783       4.3194       3.2294       2.1808       4.1238       3.1723       2.3706
 105.000       4.9084       3.3945       2.5714       4.2256       2.9056       1.9460       5.2762       3.6580       2.9083
 106.000       3.8015       2.7583       1.5577       4.0243       2.7258       1.5789       3.6522       2.7801       1.5436
 107.000       4.0481       2.5143       1.5251       3.9076       2.4445       1.3630       4.2235       2.6013       1.7274
 108.000       3.8941       2.5502       1.0990       4.1728       2.5846       1.3081       3.7522       2.5327       0.9925
 109.000       4.3022       2.5528       1.5630       4.2025       2.5216       1.4007       4.3966       2.5824       1.7166
 110.000       4.5314       2.7619       1.8551       4.4526       2.7269       1.6390       4.5908       2.7883       2.0179
 111.000       4.5622       2.9742       2.0403       4.2645       2.7576       1.5071       4.7832       3.1350       2.4362
 112.000       3.9497       2.5773       1.1746       3.9861       2.6088       1.1640       3.8248       2.4689       1.2110
 113.000       4.5031       2.9592       1.4136       4.2849       2.8771       1.2785       4.7754       3.0617       1.5823
 114.000       4.3407       3.0222       1.5310       4.2264       2.9468       1.3214       4.4833       3.1163       1.7926
 115.000       3.7616       2.7424       1.1414       3.8791       2.8367       1.2072       3.6502       2.6530       1.0791
 116.000       4.5779       3.3427       2.1701       4.1305       3.0805       1.6414       4.8188       3.4840       2.4549
 117.000       4.3715       3.8314       2.6413       4.4875       3.6846       2.6008       4.2261       4.0155       2.6921
 118.000       5.1350       4.8849       3.3356       5.0093       4.3584       3.0401       5.2522       5.3757       3.6110
 119.000       5.4783       5.5469       2.6439       5.4461       4.7353       2.7427       5.5088       6.3155       2.5502
 120.000       6.2290       5.6430       2.8937       5.9322       5.6291       3.0385       6.7390       5.6669       2.6449
 121.000       6.6969       7.7845       4.3365       6.1988       7.2177       4.0405       7.1687       8.3213       4.6168
 122.000       6.8184       8.5286       4.2023       6.4318       8.1538       4.3071       7.2804       8.9764       4.0771
 123.000       6.2132       9.8082       4.4667       5.8351       9.5400       4.5103       6.4939      10.0073       4.4344
 124.000       5.8110      10.8046       5.2917       5.6723      10.5913       5.3400       5.9403      11.0034       5.2468
 125.000       6.4000      12.9074       6.1352       6.3363      12.7216       6.1527       6.4762      13.1294       6.1143
 126.000       7.7456      14.5120       6.7028       7.0158      13.6939       6.5249       8.2953      15.1282       6.8369
 127.000       7.3245      13.8584       8.0466       7.1810      14.0744       7.7887       7.4311      13.6981       8.2381
